-31.61
-34.61
-79.31
-80.03
-80.31
-95.14
-87.74
-85.84
-91.56
-85.33
-81.07
-84.03
-86.13
-88.25
-90.75
-87.93
-88.55
-92.87
-85.54
-83.79
-96.07
-84.87
-82.93
-86.60
-88.75
-85.42
-86.61
-83.87
-79.88
-80.24
-81.95
-85.48
-81.72
-80.46
-85.22
-85.19
-90.19
-81.95
-79.43
-83.49
-80.79
-76.68
-77.58
-82.70
-92.39
-81.07
-80.63
-82.92
-85.47
-80.91
-87.45
-86.85
-89.02
-88.26
-86.81
-93.98
-82.24
-77.31
-79.38
-81.50
-83.14
-97.27
-84.81
-93.48
-84.39
-82.55
-82.41
-81.44
-86.97
-85.84
-81.34
-81.96
-81.88
-86.04
-86.73
-89.89
-81.03
-75.60
-79.64
-91.68
-99.27
-104.17
-90.58
-85.21
-85.69
-83.99
-81.90
-89.20
-80.44
-83.86
-92.41
-86.15
-81.54
-86.85
-89.30
-82.93
-87.22
-81.85
-82.90
-77.04
-79.68
-100.02
-83.81
-80.92
-90.15
-93.41
-120.89
-82.00
-80.54
-111.84
-83.42
-78.35
-77.19
-77.92
-82.00
-88.91
-83.41
-93.91
-89.09
-85.42
-83.74
-83.92
-82.85
-86.43
-88.01
-83.25
-76.23
-79.03
-83.24
-81.27
-86.06
-96.51
-87.28
-88.97
-85.39
-87.28
-101.81
-85.42
-82.29
-83.14
-88.49
-85.54
-98.74
-80.64
-80.45
-82.88
-90.19
-84.18
-83.38
-80.32
-78.33
-82.69
-85.96
-85.20
-87.86
-81.11
-77.88
-78.04
-81.35
-90.85
-91.30
-91.93
-86.63
-83.15
-80.75
-83.59
-84.63
-81.98
-77.53
-76.17
-81.44
-82.05
-84.12
-80.70
-85.06
-82.37
-75.20
-76.58
-79.99
-75.35
-81.24
-77.80
-72.21
-71.84
-78.57
-83.60
-90.32
-90.24
-83.54
-83.67
-88.48
-90.05
-91.86
-86.01
-90.70
-94.05
-77.12
-74.56
-87.11
-79.86
-79.86
-80.66
-85.17
-82.72
-84.55
-97.74
-94.03
-91.48
-82.07
-75.44
-75.49
-77.30
-80.66
-89.82
-87.12
-85.31
-86.92
-90.08
-84.22
-77.36
-76.52
-83.04
-99.18
-79.31
-76.01
-77.48
-77.99
-80.45
-82.77
-86.27
-83.44
-94.22
-89.52
-81.45
-82.48
-85.06
-81.77
-78.98
-78.30
-79.53
-78.53
-83.99
-88.62
-80.93
-86.70
-90.24
-85.55
-86.64
-98.70
-84.46
-81.33
-75.43
-71.75
-75.31
-86.70
-93.46
-84.04
-80.95
-89.19
-91.25
-87.50
-79.35
-82.71
-83.19
-79.36
-79.84
-83.19
-75.40
-75.18
-81.50
-85.29
-79.41
-80.43
-85.66
-83.45
-83.17
-81.54
-79.46
-78.74
-91.30
-75.30
-75.10
-83.20
-83.39
-82.89
-82.27
-82.93
-89.60
-98.13
-92.14
-93.13
-94.90
-83.27
-95.55
-81.91
-80.64
-80.98
-77.39
-80.52
-85.36
-84.89
-91.75
-81.89
-87.46
-84.93
-84.17
-84.83
-82.81
-73.27
-75.24
-81.48
-83.40
-90.57
-91.15
-78.72
-84.13
-90.33
-89.04
-94.50
-84.88
-83.22
-87.68
-83.59
-76.43
-81.00
-82.72
-82.20
-81.14
-87.27
-83.53
-77.72
-81.31
-89.07
-80.73
-82.04
-93.48
-79.54
-76.17
-82.03
-86.87
-88.82
-90.55
-83.62
-78.67
-83.11
-99.73
-87.36
-82.56
-90.37
-91.88
-80.00
-73.76
-77.62
-106.79
-90.15
-79.72
-82.34
-85.20
-79.59
-81.28
-85.10
-92.04
-93.27
-80.37
-83.18
-74.40
-75.77
-81.10
-83.39
-89.61
-78.65
-78.01
-86.18
-90.61
-79.22
-76.94
-78.60
-84.05
-84.03
-81.20
-82.51
-86.35
-78.60
-81.10
-88.81
-86.65
-86.37
-81.29
-86.27
-83.77
-85.55
-79.73
-75.69
-76.32
-82.38
-82.49
-100.19
-87.57
-86.64
-87.07
-95.18
-81.87
-76.82
-82.42
-79.90
-73.02
-74.52
-78.00
-83.54
-81.35
-75.54
-74.49
-76.71
-87.02
-80.79
-76.45
-87.88
-91.23
-79.09
-74.39
-87.12
-84.61
-72.86
-73.68
-75.33
-83.65
-73.87
-74.99
-73.28
-66.16
-60.43
-56.99
-47.13
-33.81
-9.32
-5.39
-13.67
-39.32
-49.92
-59.39
-62.51
-67.73
-74.71
-69.36
-75.91
-81.83
-77.82
-84.22
-82.88
-76.07
-76.16
-76.42
-86.35
-79.11
-84.43
-76.79
-75.80
-78.39
-83.67
-81.17
-90.77
-78.83
-80.46
-80.15
-72.46
-72.89
-78.44
-82.07
-86.38
-83.55
-92.64
-82.08
-86.05
-84.24
-81.07
-85.66
-81.40
-76.70
-78.47
-88.96
-92.19
-80.90
-75.56
-79.80
-83.44
-85.91
-96.81
-84.17
-85.85
-94.64
-84.99
-81.09
-99.40
-84.38
-91.56
-86.36
-92.70
-89.16
-93.59
-87.93
-88.54
-85.13
-80.33
-81.09
-73.11
-69.71
-74.94
-88.12
-87.30
-91.90
-87.09
-70.67
-66.29
-72.12
-91.18
-92.72
-92.42
-100.88
-91.86
-81.82
-80.26
-85.84
-89.21
-79.20
-80.44
-86.74
-79.42
-77.82
-79.73
-82.36
-94.01
-80.25
-79.09
-82.06
-81.12
-77.86
-84.41
-81.71
-79.41
-83.14
-76.21
-83.98
-101.58
-82.61
-81.16
-83.42
-83.92
-80.38
-84.70
-87.63
-83.77
-86.97
-86.69
-86.86
-96.85
-94.94
-94.79
-85.38
-85.86
-84.26
-78.04
-81.33
-93.58
-83.25
-88.04
-98.18
-88.49
-86.26
-84.90
-87.26
-87.36
-82.95
-80.26
-86.02
-91.09
-93.61
-84.77
-92.41
-81.25
-81.59
-91.00
-84.11
-81.96
-82.04
-86.97
-88.95
-89.20
-87.33
-75.09
-69.31
-71.59
-80.60
-91.06
-95.13
-87.40
-87.04
-84.85
-83.55
-96.36
-83.47
-81.19
-82.53
-82.01
-80.07
-83.60
-81.98
-88.35
-81.56
-85.95
-86.32
-86.88
-93.60
-85.27
-83.62
-83.06
-86.91
-76.39
-67.28
-70.54
-84.89
-85.64
-78.96
-77.71
-79.60
-81.87
-86.69
-87.44
-80.90
-89.50
-80.42
-77.18
-76.27
-81.38
-85.95
-76.31
-76.50
-80.17
-89.93
-90.72
-83.93
-86.40
-83.04
-83.50
-81.50
-76.34
-90.05
-78.79
-80.63
-79.76
-82.25
-91.06
-81.85
-86.59
-93.29
-87.67
-89.55
-91.42
-84.14
-81.43
-76.97
-76.05
-83.19
-85.45
-82.63
-87.88
-86.40
-88.17
-95.48
-89.43
-84.76
-99.80
-89.37
-84.27
-85.50
-88.95
-87.36
-90.15
-83.17
-82.21
-80.47
-87.06
-86.14
-95.48
-87.94
-89.80
-84.07
-80.23
-72.28
-73.66
-82.46
-82.40
-76.61
-79.52
-85.40
-84.30
-93.58
-88.42
-81.55
-79.55
-84.62
-91.92
-83.17
-79.42
-82.62
-81.09
-84.55
-83.92
-82.12
-83.39
-84.42
-83.48
-86.85
-89.43
-80.96
-80.58
-78.51
-77.63
-83.81
-85.14
-81.12
-78.57
-81.54
-96.40
-79.11
-85.95
-79.81
-82.00
-90.38
-78.82
-79.05
-90.54
-86.32
-88.17
-81.71
-86.62
-81.10
-90.18
-85.68
-88.22
-83.15
-93.41
-88.64
-80.62
-76.91
-73.72
-78.17
-90.63
-93.76
-95.81
-90.15
-84.45
-82.36
-80.47
-85.61
-83.52
-85.44
-78.14
-75.17
-74.95
-82.40
-88.70
-86.16
-84.52
-90.31
-84.11
-79.06
-78.24
-81.49
-86.14
-77.81
-77.39
-79.67
-81.62
-95.75
-77.82
-74.93
-80.61
-88.03
-90.43
-86.10
-83.09
-85.80
-85.55
-80.70
-75.12
-75.10
-79.39
-82.82
-87.47
-91.98
-81.77
-79.39
-99.51
-85.64
-83.76
-83.83
-83.99
-92.73
-91.45
-83.59
-88.08
-80.66
-81.03
-80.89
-81.90
-84.23
-84.41
-87.61
-86.04
-86.84
-82.16
-82.19
-84.10
-86.54
-79.98
-83.20
-83.84
-81.00
-84.09
-87.37
-85.95
-85.23
-83.68
-83.72
-87.46
-96.82
-79.15
-71.77
-71.69
-75.70
-83.69
-87.58
-79.67
-84.21
-82.17
-83.81
-95.95
-87.22
-77.21
-78.45
-82.00
-85.09
-99.30
-88.64
-85.65
-87.65
-88.00
-81.87
-82.93
-87.80
-93.48
-87.73
-85.40
-83.46
-91.79
-82.69
-86.66
-80.13
-81.10
-80.93
-88.88
-94.38
-98.82
-89.80
-95.71
-85.45
-89.45
-76.89
-79.96
-70.20
-66.66
-78.52
-85.98
-86.84
-86.94
-89.78
-83.67
-91.63
-93.02
-88.61
-83.40
-84.70
-96.53
-86.01
-78.47
-79.51
-86.69
-81.53
-85.85
-84.37
-82.18
-83.70
-82.37
-89.16
-90.33
-85.68
-100.28
-78.90
-77.27
-101.20
-91.69
-97.67
-86.51
-87.27
-87.03
-81.04
-88.40
-85.54
-86.04
-91.71
-88.93
-85.85
-74.86
-73.49
-80.05
-89.65
-88.44
-84.41
-82.97
-86.02
-85.75
-87.21
-81.02
-93.00
-86.50
-80.88
-86.70
-82.31
-80.76
-83.99
-89.33
-87.83
-81.38
-78.99
-78.32
-81.76
-88.19
-77.85
-77.76
-80.27
-81.01
-80.55
-80.48
-80.72
-80.70
-78.26
-75.69
-73.81
-85.54
-87.16
-87.42
-90.23
-94.19
-92.80
-99.56
-90.78
-87.80
-84.68
-89.27
-88.28
-79.43
-79.95
-95.21
-87.62
-84.72
-85.51
-80.25
-78.73
-78.55
-81.23
-81.03
-110.91
-81.89
-82.64
-86.43
-79.79
-83.02
-89.12
-89.81
-94.97
-85.98
-81.25
-77.16
-78.66
-87.73
-82.69
-83.42
-96.83
-89.63
-85.79
-86.57
-80.49
-85.65
-80.81
-85.04
-80.94
-75.88
-80.59
-92.80
-86.59
-88.85
-85.28
-84.32
-91.99
-83.10
-85.78
-96.58
-81.22
-83.34
-80.80
-74.19
-78.13
-91.91
-85.10
-84.34
-81.41
-79.58
-82.38
-90.05
-85.72
-88.33
-97.70
-84.35
-90.47
-73.97
-74.12
-82.30
-104.09
-89.42
-93.22
-91.65
-82.67
-83.61
-91.71
-85.22
-81.40
-80.77
-83.95
-83.25
-79.96
-76.09
-77.89
-91.14
-89.50
-96.01
-80.91
-78.64
-81.60
-86.27
-80.81
-102.75
-75.89
-64.11
-66.64
-81.89
-81.01
-85.09
-85.57
-82.22
-88.44
-88.56
-79.49
-76.05
-77.97
-82.87
-100.00
-87.53
-86.22
-93.67
-83.30
-82.76
-90.25
-88.72
-106.11
-81.46
-85.48
-83.93
-79.84
-82.71
-85.08
-77.79
-80.49
-87.92
-82.74
-82.01
-80.49
-79.21
-79.61
-83.32
-91.26
-82.86
-84.20
-83.92
-88.40
-88.76
-91.51
-85.62
-85.27
-88.71
-82.61
-86.94
-84.00
-90.57
-85.67
-80.20
-82.92
-93.97
-91.56
-85.92
-81.19
-90.50
-84.79
-81.13
-84.94
-85.09
-83.47
-85.75
-83.93
-82.43
-81.51
-77.42
-90.24
-78.35
-83.14
-92.67
-83.49
-82.31
-81.96
-82.93
-85.95
-83.12
-91.32
-97.64
-86.37
-78.73
-76.78
-80.10
-104.15
-90.60
-87.53
-84.18
-89.42
-82.76
-77.89
-81.17
-90.79
-100.01
-88.41
-82.45
-80.86
-75.11
-74.28
-79.34
-89.83
-85.72
-81.04
-84.96
-86.28
-92.31
-81.26
-81.95
-80.58
-86.21
-76.83
-74.21
-82.41
-105.10
-84.61
-83.97
-89.48
-85.69
-84.35
-93.67
-85.01
-87.35
-82.27
-87.87
-79.35
-68.16
-68.30
-81.55
-84.03
-81.67
-85.15
-86.95
-81.29
-89.51
-88.51
-89.03
-87.91
-90.87
-84.63
-79.67
-82.67
-84.05
-86.94
-91.87
-90.35
-81.32
-77.39
-80.06
-83.34
-77.84
-74.75
-80.64
-94.36
-83.84
-85.98
-98.02
-86.95
-96.94
-80.91
-79.16
-84.98
-85.99
-81.45
-89.33
-92.18
-85.52
-82.86
-74.65
-72.78
-80.12
-80.52
-81.06
-84.65
-86.55
-87.06
-87.65
-94.10
-85.30
-81.16
-78.24
-84.57
-86.60
-83.32
-84.74
-90.81
-94.09
-87.23
-87.10
-89.28
-83.32
-83.94
-86.80
-89.05
-86.13
-84.09
-82.84
-85.29
-82.11
-88.48
-82.50
-83.49
-83.85
-85.31
-85.24
-103.23
-95.83
-81.67
-79.20
-76.15
-73.39
-81.82
-82.86
-83.57
-88.08
-93.04
-86.04
-83.81
-91.52
-92.87
-91.56
-90.94
-86.42
-85.67
-79.53
-75.15
-77.05
-82.74
-76.65
-87.55
-84.55
-95.49
-84.27
-86.52
-81.19
-75.41
-80.59
-87.33
-92.72
-87.48
-84.66
-88.65
-82.26
-84.95
-82.50
-80.30
-81.29
-96.41
-87.29
-85.99
-86.99
-73.26
-62.58
-62.20
-73.74
-84.59
-84.62
-80.64
-82.28
-85.29
-84.59
-80.69
-82.47
-84.52
-89.41
-90.32
-82.52
-78.48
-80.44
-95.92
-87.05
-95.96
-96.78
-85.81
-85.92
-95.17
-88.67
-88.46
-90.94
-82.98
-92.15
-81.12
-78.17
-79.09
-78.39
-77.99
-81.44
-80.11
-79.38
-82.14
-81.23
-77.44
-81.30
-91.74
-85.45
-86.22
-80.66
-79.75
-81.08
-85.24
-91.59
-97.91
-90.21
-94.71
-91.46
-82.67
-88.48
-83.25
-87.56
-78.21
-84.32
-91.98
-94.74
-92.79
-96.15
-80.33
-86.89
-82.47
-82.29
-97.92
-86.86
-83.02
-77.48
-83.18
-85.73
-93.88
-82.16
-82.40
-88.07
-91.86
-83.66
-81.80
-85.19
-92.54
-91.65
-94.22
-78.22
-74.74
-81.46
-89.33
-94.18
-98.24
-86.99
-89.13
-84.18
-84.24
-81.30
-84.07
-81.95
-76.77
-72.58
-75.61
-85.16
-85.64
-104.44
-90.80
-87.74
-88.67
-92.13
-98.35
-83.25
-84.00
-90.63
-80.26
-79.79
-72.06
-77.59
-81.13
-84.64
-86.50
-85.07
-84.35
-86.67
-88.39
-80.35
-80.44
-95.80
-84.17
-79.70
-78.66
-86.03
-86.10
-86.32
-82.09
-84.01
-94.97
-91.59
-90.97
-87.44
-86.83
-83.86
-81.30
-84.18
-79.00
-85.49
-91.03
-86.34
-81.79
-82.24
-84.92
-84.17
-89.03
-93.38
-86.38
-77.45
-86.10
-78.38
-77.19
-82.75
-105.56
-86.34
-91.53
-82.99
-82.67
-85.13
-84.14
-84.68
-87.74
-79.31
-79.43
-87.44
-80.92
-83.29
-84.02
-86.08
-83.53
-81.38
-92.39
-93.62
-92.07
-82.63
-81.17
-83.56
-82.58
-80.89
-76.66
-81.91
-82.76
-80.91
-86.84
-90.25
-82.12
-78.95
-81.44
-89.22
-93.28
-81.34
-76.87
-77.44
-78.24
-84.18
-82.89
-81.32
-86.98
-92.81
-90.82
-84.51
-80.97
-81.82
-87.15
-85.80
-79.10
-75.16
-78.44
-80.17
-89.52
-85.73
-79.54
-81.64
-87.81
-86.41
-82.85
-89.35
-85.89
-90.22
-89.41
-79.26
-79.65
-85.36
-79.86
-77.42
-80.85
-88.65
-86.82
-76.50
-79.26
-81.04
-81.16
-85.77
-84.68
-82.11
-82.86
-79.34
-82.93
-82.82
-80.39
-81.10
-81.04
-79.60
-86.42
-85.87
-78.92
-81.33
-81.81
-73.11
-72.72
-84.37
-90.69
-89.26
-91.72
-81.04
-82.14
-92.85
-80.42
-80.49
-94.12
-81.38
-86.32
-83.06
-84.21
-81.81
-84.99
-86.79
-84.41
-81.35
-85.07
-84.35
-80.16
-80.45
-83.07
-86.78
-93.37
-81.88
-77.92
-81.10
-84.26
-80.67
-85.15
-88.44
-89.51
-92.40
-85.08
-87.41
-86.58
-82.55
-78.14
-75.10
-74.55
-80.38
-83.62
-95.38
-86.20
-96.74
-96.60
-92.54
-84.49
-84.90
-102.15
-90.17
-83.50
-79.41
-77.55
-84.36
-84.57
-107.78
-82.00
-80.93
-89.06
-96.05
-85.43
-80.60
-81.10
-88.58
-86.82
-81.42
-81.26
-81.76
-83.45
-86.36
-78.48
-81.19
-97.06
-92.64
-86.56
-83.44
-92.94
-83.95
-90.56
-81.39
-75.61
-81.17
-99.12
-82.57
-79.13
-82.00
-86.83
-94.58
-79.73
-79.20
-85.48
-90.01
-84.58
-76.46
-78.79
-86.36
-79.13
-85.57
-85.80
-85.23
-95.22
-90.99
-81.58
-85.45
-88.59
-90.34
-88.68
-86.45
-74.54
-74.76
-94.62
-94.70
-91.50
-91.01
-98.03
-88.38
-93.33
-96.82
-85.44
-88.69
-89.14
-87.84
-82.42
-77.00
-80.91
-86.80
-83.43
-87.84
-90.40
-96.26
-86.83
-95.35
-86.66
-82.58
-84.22
-78.30
-74.37
-81.44
-85.09
-85.62
-83.74
-88.51
-79.88
-93.51
-84.44
-86.24
-89.96
-109.50
-90.87
-85.23
-91.55
-80.77
-79.99
-83.44
-86.61
-82.09
-86.35
-83.94
-94.57
-89.00
-93.09
-81.08
-79.62
-81.48
-83.09
-84.49
-89.33
-93.44
-84.04
-84.71
-83.35
-78.64
-78.99
-79.34
-91.16
-84.81
-85.43
-89.54
-89.06
-85.31
-85.60
-84.43
-82.20
-87.29
-83.54
-79.57
-84.66
-86.06
-79.29
-80.78
-79.41
-78.12
-75.99
-75.93
-77.37
-79.16
-86.62
-84.50
-81.37
-81.69
-83.68
-81.04
-83.85
-90.45
-89.14
-102.05
-72.93
-71.44
-83.75
-89.98
-83.11
-94.31
-88.96
-97.78
-99.41
-88.85
-80.88
-81.48
-95.14
-81.37
-88.92
-80.97
-79.78
-89.54
-94.88
-96.01
-90.69
-86.81
-92.50
-83.56
-73.14
-68.25
-76.15
-82.48
-82.29
-87.41
-90.00
-86.04
-91.00
-85.28
-85.77
-105.58
-83.62
-85.65
-85.10
-79.18
-80.81
-81.29
-79.72
-77.79
-78.72
-79.84
-81.11
-86.34
-94.91
-86.40
-84.98
-86.42
-79.61
-78.53
-83.68
-83.88
-83.96
-90.49
-80.21
-80.03
-86.91
-88.01
-81.12
-83.72
-88.38
-88.11
-86.24
-85.98
-84.55
-96.60
-75.89
-76.46
-84.59
-83.67
-84.93
-87.56
-84.06
-88.97
-92.55
-81.98
-82.62
-83.47
-84.60
-77.99
-76.76
-72.86
-74.96
-80.89
-82.14
-79.17
-80.10
-89.80
-91.44
-98.86
-102.21
-88.58
-80.78
-81.31
-81.53
-84.94
-81.79
-77.10
-77.44
-82.00
-89.81
-84.68
-82.01
-85.46
-82.86
-86.37
-81.73
-81.54
-90.31
-86.14
-87.69
-88.66
-86.49
-96.58
-98.00
-89.79
-82.19
-88.08
-88.82
-82.69
-80.25
-79.67
-73.70
-73.47
-85.13
-90.92
-98.05
-85.57
-81.90
-81.72
-85.49
-85.04
-82.88
-83.35
-87.30
-85.06
-92.54
-95.01
-84.87
-89.91
-82.80
-92.97
-93.40
-104.49
-91.75
-82.85
-80.14
-81.18
-89.35
-90.63
-74.27
-70.35
-76.68
-80.18
-81.99
-88.76
-85.52
-88.93
-87.78
-90.95
-89.81
-82.45
-79.77
-80.99
-85.95
-94.91
-83.87
-84.02
-90.80
-86.81
-85.35
-86.39
-86.64
-101.40
-85.37
-84.36
-87.14
-87.68
-77.19
-75.68
-79.73
-97.71
-82.27
-85.25
-83.37
-91.91
-94.19
-103.16
-92.54
-91.22
-85.12
-78.27
-73.89
-74.47
-83.05
-91.94
-98.08
-92.13
-88.99
-83.98
-93.40
-81.35
-83.97
-89.13
-90.39
-86.87
-86.67
-83.46
-87.73
-102.28
-98.42
-88.12
-93.61
-90.13
-82.31
-82.95
-84.47
-83.19
-77.44
-78.44
-76.81
-73.96
-78.75
-83.77
-82.35
-87.06
-82.30
-80.44
-79.31
-81.18
-87.30
-78.65
-78.29
-85.51
-84.21
-76.15
-81.84
-83.21
-88.59
-84.14
-83.91
-92.55
-89.16
-89.15
-100.57
-89.43
-83.75
-80.85
-77.25
-78.09
-101.54
-82.81
-82.58
-83.11
-84.46
-77.98
-76.08
-89.25
-77.13
-76.96
-84.00
-83.17
-79.95
-85.63
-79.27
-88.08
-82.32
-83.05
-102.37
-93.43
-84.31
-83.17
-92.11
-90.30
-85.04
-75.40
-80.08
