-31.63
-34.64
-86.67
-75.55
-78.23
-88.81
-91.78
-106.03
-91.21
-84.07
-94.74
-81.85
-84.53
-85.11
-88.51
-83.03
-82.14
-85.24
-87.03
-85.89
-85.65
-90.52
-84.93
-92.76
-97.36
-89.61
-84.92
-89.39
-91.69
-91.04
-84.95
-85.32
-85.09
-84.52
-78.08
-76.65
-82.25
-88.58
-80.35
-79.38
-87.78
-81.70
-84.78
-86.33
-82.53
-85.44
-83.05
-77.69
-79.02
-82.26
-91.37
-81.66
-80.10
-78.01
-79.29
-85.96
-87.98
-86.68
-86.82
-83.09
-79.45
-82.66
-84.36
-105.71
-80.53
-80.77
-82.21
-81.50
-85.57
-93.42
-85.05
-91.80
-95.30
-84.96
-93.18
-84.04
-84.38
-81.54
-91.10
-86.60
-87.29
-83.96
-84.95
-84.89
-80.59
-76.77
-80.60
-93.33
-97.93
-91.40
-83.44
-86.63
-88.47
-93.91
-86.98
-82.95
-82.74
-76.10
-77.82
-82.14
-77.36
-85.54
-83.97
-77.72
-80.17
-81.52
-88.46
-102.47
-83.95
-89.30
-87.05
-84.42
-83.82
-82.48
-84.22
-84.42
-79.97
-78.66
-82.94
-93.84
-87.47
-82.17
-80.65
-81.59
-93.11
-79.80
-80.99
-82.80
-86.83
-92.17
-89.27
-86.52
-80.15
-81.80
-92.35
-85.58
-83.95
-88.64
-90.00
-79.88
-76.62
-84.85
-85.33
-99.57
-93.57
-97.56
-94.71
-98.50
-92.74
-81.41
-81.62
-87.71
-85.35
-82.59
-79.36
-75.83
-77.60
-88.71
-104.61
-89.67
-97.61
-81.86
-80.42
-86.18
-84.02
-80.16
-86.05
-85.09
-83.17
-84.69
-82.33
-77.68
-80.01
-84.47
-82.43
-90.21
-83.54
-108.03
-75.21
-73.91
-89.42
-91.37
-74.95
-74.70
-83.79
-89.22
-78.83
-77.47
-78.29
-80.73
-82.74
-83.35
-111.64
-92.78
-83.64
-80.98
-92.95
-79.28
-81.69
-97.47
-88.65
-82.45
-81.46
-85.52
-89.52
-87.15
-88.93
-91.23
-86.12
-93.23
-84.39
-79.63
-90.43
-87.89
-85.60
-78.59
-78.64
-88.60
-97.82
-90.73
-79.95
-79.67
-85.30
-82.66
-83.13
-84.14
-84.14
-82.39
-79.36
-80.75
-103.15
-90.78
-82.78
-82.03
-88.53
-86.69
-81.82
-93.92
-82.05
-88.42
-90.77
-88.77
-90.08
-86.02
-84.13
-85.80
-84.38
-85.09
-87.23
-86.10
-84.59
-78.01
-69.41
-72.92
-84.20
-78.08
-77.43
-79.26
-83.43
-83.54
-85.83
-80.73
-81.10
-83.84
-81.22
-84.69
-87.37
-90.60
-83.43
-81.61
-89.06
-92.64
-86.32
-85.36
-86.82
-95.08
-85.90
-91.54
-82.61
-86.32
-71.37
-71.67
-79.13
-77.31
-81.86
-90.65
-85.71
-81.53
-81.46
-81.85
-83.67
-82.15
-76.24
-80.64
-83.07
-77.43
-77.79
-82.20
-85.14
-83.58
-84.27
-81.01
-82.75
-91.33
-89.86
-85.16
-90.82
-78.22
-76.22
-80.57
-84.85
-87.35
-81.09
-77.62
-79.71
-82.88
-82.38
-99.85
-84.87
-84.48
-87.10
-88.63
-80.46
-77.29
-80.49
-86.23
-84.74
-90.97
-89.79
-83.76
-81.45
-88.35
-85.12
-79.44
-77.12
-79.90
-92.89
-80.52
-78.55
-79.04
-79.46
-78.17
-79.12
-87.62
-92.06
-89.04
-82.30
-89.57
-83.26
-84.73
-83.40
-78.30
-77.02
-83.51
-95.25
-98.63
-93.35
-89.60
-90.28
-83.26
-78.07
-81.30
-94.15
-87.43
-77.15
-76.46
-88.91
-84.69
-90.77
-84.00
-82.08
-85.59
-86.92
-93.52
-86.03
-84.00
-88.50
-83.61
-91.01
-82.30
-84.16
-85.57
-82.76
-82.79
-84.12
-80.15
-75.67
-75.21
-78.58
-87.82
-85.82
-75.18
-79.05
-76.89
-78.00
-78.79
-77.28
-86.65
-101.32
-88.01
-89.25
-82.23
-78.67
-77.62
-76.49
-76.31
-81.63
-90.54
-77.22
-74.47
-78.59
-79.78
-73.20
-79.71
-86.20
-87.53
-85.99
-82.99
-89.22
-89.07
-88.39
-83.96
-77.31
-80.15
-78.88
-81.40
-70.54
-75.30
-70.87
-64.99
-62.02
-55.70
-47.19
-33.95
-9.32
-5.39
-13.66
-39.37
-50.57
-57.91
-63.12
-70.71
-68.91
-79.41
-77.42
-74.96
-75.18
-71.50
-78.83
-76.73
-89.33
-90.18
-94.87
-87.43
-92.28
-79.54
-79.92
-88.49
-88.98
-93.54
-81.31
-102.38
-82.60
-88.44
-85.74
-86.26
-88.94
-90.67
-81.64
-83.81
-88.53
-94.21
-81.96
-83.13
-79.74
-78.57
-79.08
-80.21
-80.22
-80.02
-87.13
-96.43
-82.23
-78.86
-89.71
-90.71
-81.78
-85.97
-85.65
-80.75
-82.11
-104.81
-79.51
-78.03
-80.24
-80.99
-82.80
-100.58
-93.97
-86.73
-86.94
-82.63
-87.41
-95.30
-76.42
-73.02
-84.36
-81.03
-77.40
-82.83
-100.33
-75.40
-68.87
-73.11
-83.92
-82.77
-89.07
-80.67
-89.70
-74.57
-75.89
-84.10
-87.53
-82.18
-80.95
-83.75
-90.86
-88.34
-80.09
-80.60
-80.31
-84.00
-83.21
-88.46
-87.57
-80.58
-79.45
-77.71
-79.09
-85.48
-86.42
-91.42
-77.51
-77.34
-79.40
-85.70
-90.62
-85.57
-83.28
-88.15
-82.72
-82.76
-90.53
-82.72
-82.90
-89.38
-89.22
-83.95
-80.42
-79.46
-84.47
-85.12
-78.86
-84.68
-80.40
-82.05
-94.84
-90.06
-77.02
-74.44
-80.96
-87.94
-81.06
-82.17
-91.81
-83.50
-74.97
-76.50
-88.07
-86.92
-78.82
-81.09
-87.01
-82.62
-83.08
-92.34
-85.88
-85.21
-84.75
-76.58
-74.94
-83.13
-77.88
-85.59
-84.81
-95.63
-84.29
-90.90
-85.45
-81.52
-79.88
-84.87
-86.14
-90.79
-79.26
-79.03
-81.28
-82.73
-89.65
-84.91
-113.34
-87.14
-81.05
-84.94
-83.94
-78.91
-77.41
-66.96
-68.47
-83.35
-81.17
-79.75
-83.75
-85.54
-76.96
-73.39
-75.54
-82.88
-86.29
-76.64
-80.00
-82.19
-77.35
-79.15
-83.41
-86.68
-91.64
-83.06
-79.84
-79.01
-82.61
-87.83
-84.75
-95.47
-81.86
-75.91
-75.30
-83.73
-94.73
-85.88
-81.32
-78.67
-78.54
-87.98
-91.79
-85.49
-85.42
-112.11
-88.98
-90.39
-89.65
-95.07
-83.16
-85.00
-86.03
-86.11
-82.05
-82.73
-81.10
-83.47
-97.82
-79.79
-79.16
-102.01
-87.29
-109.75
-99.02
-84.36
-85.42
-89.22
-87.82
-92.04
-80.51
-79.81
-80.82
-82.78
-80.93
-74.87
-78.77
-85.22
-88.29
-76.19
-77.68
-80.89
-82.04
-83.79
-88.93
-93.50
-85.99
-85.31
-83.28
-75.88
-75.74
-83.66
-80.42
-88.09
-85.12
-85.10
-83.44
-85.37
-78.66
-81.32
-90.73
-82.44
-77.92
-86.17
-82.48
-90.25
-88.11
-88.00
-88.34
-78.76
-81.89
-84.20
-86.29
-85.02
-81.33
-81.71
-82.00
-88.16
-77.71
-82.63
-84.75
-83.45
-82.09
-84.99
-95.68
-89.15
-84.09
-87.26
-89.65
-79.33
-78.34
-76.81
-71.75
-76.41
-79.62
-81.63
-93.86
-96.39
-89.38
-81.92
-83.61
-93.70
-85.51
-88.08
-77.58
-75.17
-82.96
-82.93
-83.84
-91.66
-87.70
-92.76
-87.46
-90.61
-87.67
-79.31
-79.95
-96.99
-78.31
-72.88
-75.90
-90.75
-89.43
-89.01
-94.78
-101.13
-102.86
-89.58
-91.52
-85.25
-81.23
-82.37
-87.60
-83.81
-92.47
-91.79
-92.47
-83.36
-77.11
-76.88
-79.07
-83.49
-83.06
-79.11
-83.18
-85.12
-91.77
-83.02
-85.28
-84.87
-85.09
-85.73
-82.24
-78.68
-78.04
-78.50
-82.58
-80.76
-77.20
-78.30
-80.21
-81.31
-77.57
-84.06
-87.96
-92.10
-83.43
-81.06
-84.95
-81.10
-84.15
-85.23
-81.84
-84.64
-77.38
-71.16
-72.80
-80.04
-93.73
-90.12
-88.22
-87.30
-81.96
-83.04
-85.04
-83.80
-80.47
-80.01
-81.20
-88.15
-85.18
-83.98
-88.63
-85.41
-84.66
-82.89
-85.28
-88.71
-82.23
-84.35
-87.21
-87.20
-78.75
-80.57
-88.68
-84.80
-83.59
-98.36
-85.40
-86.93
-93.22
-82.38
-80.94
-83.63
-85.49
-86.69
-89.31
-68.61
-65.57
-76.56
-88.93
-83.78
-91.12
-84.32
-80.48
-78.28
-78.62
-89.51
-87.77
-88.50
-80.55
-83.61
-81.13
-77.12
-76.43
-90.85
-79.74
-79.03
-81.99
-91.45
-85.38
-82.34
-88.77
-95.33
-84.37
-85.87
-83.84
-81.55
-78.67
-79.02
-82.00
-84.45
-89.13
-86.07
-83.20
-90.64
-82.06
-92.69
-78.90
-79.54
-72.83
-73.01
-84.79
-83.57
-80.26
-82.52
-83.83
-84.08
-91.39
-89.83
-76.60
-77.10
-89.41
-82.01
-84.22
-87.09
-82.90
-86.61
-85.54
-87.34
-87.67
-84.07
-83.14
-95.65
-81.85
-83.27
-88.93
-85.21
-83.25
-79.13
-84.11
-88.49
-83.47
-99.25
-78.11
-73.18
-82.27
-90.29
-82.90
-80.69
-79.28
-78.16
-79.13
-80.09
-82.98
-90.88
-93.05
-87.84
-87.77
-80.56
-83.40
-85.10
-78.25
-80.53
-90.50
-89.93
-79.84
-81.94
-96.18
-83.43
-80.11
-83.23
-85.94
-84.21
-83.98
-82.17
-95.27
-82.91
-97.38
-77.63
-73.02
-73.60
-80.45
-82.67
-79.60
-81.35
-82.87
-84.37
-100.95
-90.37
-104.25
-91.53
-85.20
-86.10
-86.27
-83.41
-88.63
-88.48
-96.24
-79.80
-78.95
-102.45
-86.20
-92.55
-87.36
-85.89
-87.15
-84.53
-75.22
-76.79
-87.51
-81.21
-87.12
-89.48
-91.58
-89.81
-88.75
-90.45
-115.69
-83.24
-84.94
-77.28
-72.41
-74.81
-79.28
-80.08
-79.89
-80.09
-80.08
-80.48
-80.83
-78.87
-75.84
-80.59
-84.78
-91.68
-88.96
-83.98
-86.09
-80.93
-77.66
-82.31
-81.92
-81.29
-88.79
-97.43
-89.07
-88.15
-87.16
-75.22
-65.03
-69.88
-84.92
-91.17
-81.86
-78.41
-84.66
-87.68
-102.96
-86.71
-80.19
-86.75
-98.04
-86.00
-87.53
-91.00
-87.55
-82.96
-79.69
-85.56
-86.12
-81.55
-80.84
-89.74
-75.67
-77.70
-84.37
-83.23
-77.73
-84.08
-87.61
-87.33
-96.93
-84.99
-86.77
-93.07
-84.49
-86.82
-81.73
-84.25
-80.00
-83.75
-88.26
-89.47
-84.72
-82.64
-80.40
-79.91
-82.64
-82.60
-83.40
-85.28
-88.11
-101.13
-86.02
-84.68
-86.01
-83.20
-87.65
-81.66
-83.89
-81.68
-83.41
-92.75
-86.09
-79.30
-80.64
-82.86
-79.10
-75.96
-76.41
-88.62
-86.91
-91.29
-90.09
-81.97
-82.78
-89.07
-90.90
-91.53
-103.85
-89.12
-86.08
-83.71
-85.13
-91.94
-99.32
-87.03
-99.74
-86.98
-90.54
-87.35
-81.33
-81.52
-82.04
-79.64
-82.60
-87.30
-81.81
-82.60
-94.16
-84.29
-80.57
-87.32
-98.22
-80.80
-78.21
-87.07
-85.56
-82.09
-83.70
-84.88
-81.86
-84.64
-91.65
-92.53
-90.63
-83.03
-81.29
-86.73
-82.31
-83.51
-82.26
-77.76
-79.27
-79.33
-68.59
-69.14
-77.54
-85.52
-87.53
-80.57
-82.57
-97.12
-86.76
-96.24
-90.31
-83.05
-81.08
-85.14
-80.12
-81.59
-89.34
-87.70
-97.33
-87.77
-100.77
-89.42
-88.60
-87.70
-77.65
-73.91
-83.25
-83.10
-79.26
-78.99
-80.88
-85.33
-89.62
-106.03
-96.70
-95.34
-91.12
-84.47
-91.73
-79.84
-83.79
-79.11
-71.74
-72.85
-84.25
-95.58
-98.06
-83.82
-84.64
-82.61
-82.19
-90.37
-91.14
-86.24
-80.79
-84.44
-85.48
-92.93
-97.03
-90.06
-86.50
-91.31
-88.10
-85.53
-96.57
-81.71
-80.07
-93.94
-94.52
-91.92
-96.41
-87.73
-93.46
-86.55
-85.41
-83.73
-89.59
-93.83
-82.61
-84.01
-91.78
-85.99
-85.02
-75.08
-74.93
-83.36
-80.47
-81.09
-84.26
-93.81
-98.80
-93.54
-83.19
-83.41
-90.34
-92.80
-92.10
-95.40
-80.83
-74.70
-74.01
-75.81
-77.26
-80.54
-89.91
-89.04
-81.41
-78.64
-85.46
-79.34
-82.93
-76.84
-74.50
-80.44
-85.12
-93.48
-87.99
-82.56
-85.57
-81.09
-79.70
-79.24
-79.64
-87.87
-96.16
-75.19
-63.73
-63.86
-77.16
-81.30
-81.85
-82.40
-90.08
-85.35
-88.25
-84.22
-83.46
-83.32
-79.48
-81.37
-90.12
-84.79
-85.38
-85.61
-89.36
-90.88
-89.01
-91.23
-85.56
-85.30
-88.84
-86.42
-82.87
-86.68
-77.93
-79.90
-91.45
-91.32
-87.10
-88.94
-95.68
-100.94
-86.14
-88.66
-94.76
-94.65
-80.22
-82.99
-78.59
-79.79
-83.42
-83.22
-101.12
-90.17
-84.54
-81.94
-89.98
-78.90
-82.38
-84.62
-79.70
-83.78
-90.38
-80.95
-79.42
-80.95
-77.92
-76.33
-83.42
-86.79
-86.51
-84.70
-83.74
-90.06
-103.51
-85.21
-83.42
-89.05
-83.87
-91.38
-81.15
-80.60
-82.14
-84.47
-85.37
-82.91
-83.52
-85.10
-88.22
-98.17
-82.43
-76.46
-77.04
-85.29
-90.97
-94.14
-88.24
-86.09
-94.21
-91.38
-93.56
-84.37
-91.23
-78.97
-73.14
-74.81
-84.49
-87.40
-99.68
-89.25
-87.51
-86.37
-90.31
-90.04
-94.25
-92.50
-87.49
-80.47
-80.23
-69.88
-73.49
-79.30
-80.67
-80.20
-83.89
-90.94
-98.12
-88.66
-79.45
-81.66
-81.91
-79.05
-77.07
-76.66
-92.27
-79.67
-79.86
-85.72
-83.22
-81.57
-89.95
-89.10
-84.19
-88.64
-77.90
-82.35
-80.45
-79.18
-81.42
-85.66
-81.73
-84.86
-88.66
-82.59
-87.36
-90.96
-97.96
-82.24
-81.34
-89.48
-71.16
-67.66
-75.96
-87.66
-79.22
-81.32
-97.12
-90.11
-98.11
-87.05
-80.21
-79.08
-82.42
-87.96
-85.99
-80.56
-80.22
-81.77
-81.51
-81.92
-85.24
-83.22
-85.97
-92.57
-88.53
-89.82
-79.76
-80.47
-81.64
-79.06
-80.35
-78.92
-85.34
-92.36
-81.12
-79.56
-80.15
-78.45
-81.44
-80.16
-77.72
-79.07
-81.37
-82.19
-83.79
-88.76
-84.13
-81.66
-83.61
-94.34
-92.99
-91.24
-86.85
-90.06
-92.50
-83.66
-80.45
-85.09
-81.22
-75.86
-84.11
-84.79
-90.80
-96.87
-94.91
-93.17
-86.70
-89.20
-84.52
-83.61
-81.86
-83.82
-98.21
-108.83
-85.28
-83.75
-91.25
-83.07
-83.48
-86.30
-82.93
-79.62
-85.46
-84.92
-79.71
-81.80
-79.02
-79.71
-76.80
-76.94
-79.85
-84.87
-84.98
-81.95
-91.40
-89.77
-87.69
-81.29
-73.22
-70.93
-76.10
-89.21
-84.39
-87.79
-90.71
-89.56
-96.53
-84.39
-77.81
-77.82
-86.95
-79.91
-76.41
-82.49
-78.23
-79.88
-90.85
-90.24
-91.36
-79.68
-77.03
-82.72
-111.43
-87.24
-81.38
-81.49
-80.08
-77.81
-83.93
-83.04
-91.99
-90.40
-86.59
-87.14
-83.82
-81.60
-83.65
-87.20
-87.38
-89.36
-78.07
-75.99
-80.88
-83.34
-83.72
-82.93
-84.51
-99.79
-85.68
-84.09
-88.25
-86.67
-86.95
-88.04
-77.60
-75.87
-88.05
-73.35
-79.42
-83.40
-86.06
-88.97
-83.81
-83.57
-84.66
-91.23
-92.47
-99.32
-90.35
-84.56
-90.08
-89.95
-93.03
-91.15
-84.77
-87.11
-88.26
-86.91
-85.21
-89.53
-81.02
-81.68
-83.83
-78.87
-82.32
-82.05
-79.20
-86.96
-101.57
-89.38
-87.39
-85.31
-81.62
-84.90
-87.69
-87.58
-83.32
-79.15
-86.59
-88.72
-82.78
-81.68
-85.74
-95.85
-89.80
-89.73
-91.34
-86.05
-88.14
-95.21
-78.92
-70.14
-72.17
-95.82
-81.34
-85.63
-85.04
-83.00
-84.39
-83.76
-84.37
-81.65
-83.56
-86.23
-83.15
-84.66
-83.62
-82.44
-92.55
-81.72
-83.32
-81.41
-82.88
-102.39
-87.38
-83.60
-86.50
-84.07
-76.71
-75.99
-85.62
-91.49
-86.87
-82.81
-78.52
-78.80
-86.62
-81.20
-85.79
-89.52
-82.60
-87.52
-95.69
-87.33
-87.70
-83.45
-84.88
-86.50
-82.76
-81.09
-81.95
-94.24
-84.13
-76.03
-79.84
-90.26
-96.77
-102.77
-83.69
-85.70
-85.41
-79.31
-82.45
-83.68
-78.96
-81.63
-88.87
-87.81
-88.36
-86.50
-83.56
-78.07
-85.68
-91.06
-90.30
-91.99
-85.37
-99.20
-87.57
-85.23
-86.13
-83.42
-80.54
-83.43
-83.32
-85.67
-78.97
-81.64
-88.88
-83.66
-78.54
-79.45
-82.09
-87.85
-93.70
-95.39
-93.49
-90.16
-78.07
-68.82
-68.15
-76.17
-79.63
-80.62
-83.46
-84.44
-82.82
-77.07
-79.13
-94.47
-94.00
-84.41
-79.51
-84.86
-89.07
-86.52
-84.28
-85.89
-88.08
-83.56
-78.28
-80.54
-78.82
-80.89
-71.57
-75.91
-83.98
-82.04
-88.57
-85.67
-79.75
-82.21
-88.64
-106.53
-95.52
-92.85
-85.64
-82.93
-81.98
-87.01
-82.63
-77.98
-80.15
-89.49
-82.11
-89.23
-84.88
-86.81
-86.80
-86.41
-84.90
-77.95
-76.86
-86.83
-89.57
-95.42
-96.43
-87.17
-85.81
-84.90
-90.78
-93.74
-93.00
-92.52
-96.54
-92.32
-82.63
-86.99
-86.12
-83.14
-84.59
-82.14
-83.42
-86.72
-83.76
-84.71
-93.07
-88.89
-85.41
-94.86
-83.52
-79.92
-83.76
-74.42
-69.94
-75.66
-88.14
-82.72
-83.31
-87.20
-87.69
-91.37
-81.45
-83.37
-91.38
-88.72
-86.27
-77.19
-84.48
-88.32
-91.40
-79.57
-76.63
-81.39
-84.76
-85.92
-93.32
-86.05
-86.29
-91.36
-84.46
-80.54
-77.51
-85.98
-83.07
-81.12
-81.19
-85.53
-83.64
-88.12
-85.60
-84.82
-87.40
-88.69
-91.75
-76.68
-71.91
-79.06
-85.47
-88.04
-85.76
-89.28
-98.46
-88.29
-87.13
-86.84
-102.36
-80.52
-83.13
-93.94
-91.61
-80.17
-77.52
-81.34
-87.90
-86.23
-82.26
-79.79
-80.94
-88.11
-83.89
-83.24
-89.50
-77.55
-74.67
-86.05
-87.10
-78.31
-76.10
-80.02
-89.48
-95.25
-90.32
-84.55
-79.19
-80.73
-84.72
-90.40
-80.77
-82.53
-90.72
-85.31
-84.48
-83.63
-86.03
-96.85
-86.65
-83.61
-84.87
-85.61
-83.53
-77.82
-78.22
-82.89
-88.58
-83.16
-83.85
-88.40
-88.48
-88.32
-97.75
-102.66
-85.32
-80.83
-82.06
-84.89
-81.54
-80.44
-105.41
-83.90
-84.98
-88.94
-88.38
-88.59
-91.82
-85.75
-84.75
-80.87
-80.50
-87.16
-85.68
-105.92
-79.00
-80.28
-92.79
-88.22
-91.94
-86.25
-81.22
-80.17
-83.61
-96.43
-86.23
-77.37
-74.98
-78.67
-85.36
-80.33
-81.24
-89.27
-85.59
-87.82
-93.21
-83.76
-83.02
-86.13
-83.62
-82.44
-80.94
-84.62
-91.21
-93.51
-90.34
-86.97
-89.07
-86.28
-85.81
-82.34
-80.63
-85.92
-82.46
-78.70
-76.99
-79.21
-82.07
-92.39
-93.74
-96.08
-87.71
-85.37
-82.49
-87.83
-82.81
-82.32
-79.38
-79.92
-84.71
-78.78
-89.13
-87.83
-79.32
-78.53
-86.35
-88.50
-89.26
-85.22
-91.96
-104.95
-89.99
-87.60
