-31.73
-34.72
-80.88
-95.65
-88.64
-82.32
-82.57
-86.64
-83.43
-91.64
-84.43
-90.58
-94.67
-94.37
-85.17
-77.38
-78.64
-82.51
-81.60
-80.09
-82.78
-83.61
-83.47
-82.40
-82.15
-83.32
-83.20
-82.45
-76.90
-82.21
-82.18
-79.76
-81.51
-82.70
-99.75
-85.10
-80.14
-79.00
-84.19
-82.24
-85.16
-82.73
-82.90
-82.91
-79.98
-81.59
-94.37
-84.56
-80.08
-80.83
-88.20
-90.09
-83.56
-83.53
-91.38
-84.36
-84.38
-95.29
-92.69
-95.23
-93.61
-86.81
-84.75
-89.46
-83.79
-79.87
-82.32
-89.57
-112.20
-85.00
-83.75
-88.48
-80.76
-79.25
-80.67
-80.58
-82.89
-75.89
-75.66
-81.65
-78.91
-78.75
-85.55
-85.11
-82.55
-84.03
-87.04
-84.97
-84.66
-84.88
-85.67
-91.89
-97.37
-84.04
-77.66
-75.21
-75.72
-76.73
-75.40
-96.26
-82.12
-89.14
-86.95
-92.33
-96.19
-105.01
-83.93
-84.29
-79.52
-80.17
-78.91
-88.85
-77.13
-76.61
-78.68
-88.84
-95.94
-79.77
-80.22
-90.21
-102.01
-97.72
-82.13
-80.59
-87.00
-77.59
-74.44
-79.46
-84.25
-80.89
-83.48
-92.03
-85.61
-83.67
-95.98
-94.09
-87.80
-96.73
-83.42
-78.71
-76.19
-92.94
-89.79
-88.71
-88.07
-81.98
-76.73
-77.69
-85.91
-88.60
-81.47
-78.92
-79.87
-87.62
-88.28
-83.42
-93.66
-81.29
-87.78
-87.36
-89.44
-83.62
-94.43
-84.80
-78.94
-79.04
-83.95
-84.70
-84.83
-87.63
-88.45
-88.85
-82.49
-80.61
-79.83
-78.97
-82.89
-86.67
-83.74
-79.13
-83.15
-89.63
-76.58
-76.56
-88.28
-88.29
-82.17
-79.98
-81.85
-85.49
-81.37
-82.06
-80.18
-82.90
-95.44
-90.44
-77.18
-75.02
-84.71
-85.24
-81.03
-85.39
-96.71
-90.37
-93.80
-85.18
-82.40
-78.63
-82.48
-82.94
-77.45
-80.95
-89.70
-98.37
-91.11
-90.98
-99.67
-94.18
-91.06
-86.71
-83.83
-88.62
-81.19
-80.23
-88.00
-83.23
-80.77
-87.62
-91.65
-82.57
-82.83
-88.36
-93.56
-84.23
-80.79
-79.59
-86.75
-82.26
-76.52
-76.66
-84.33
-84.72
-80.81
-88.99
-82.16
-80.25
-86.51
-86.19
-101.17
-84.60
-81.57
-89.65
-74.58
-76.48
-106.77
-82.71
-81.19
-88.80
-86.86
-84.78
-90.95
-106.98
-95.42
-85.66
-82.52
-84.51
-83.42
-87.13
-92.61
-89.50
-86.24
-93.08
-91.82
-107.55
-86.76
-80.14
-82.16
-93.88
-91.50
-84.80
-75.71
-76.25
-87.27
-96.26
-86.64
-82.25
-89.88
-85.24
-88.17
-84.89
-85.87
-91.80
-85.33
-88.74
-84.88
-88.74
-88.42
-80.51
-84.08
-83.95
-89.91
-90.37
-86.44
-90.94
-100.07
-87.79
-92.10
-85.30
-78.49
-78.93
-84.48
-99.49
-87.44
-83.03
-81.78
-83.50
-89.10
-79.95
-84.01
-84.14
-88.42
-81.16
-78.30
-80.54
-87.72
-87.03
-83.70
-91.58
-85.22
-84.31
-80.99
-81.17
-77.84
-75.81
-75.88
-75.96
-80.10
-80.83
-85.93
-83.45
-85.84
-90.67
-92.20
-88.55
-81.66
-82.73
-88.52
-89.40
-92.11
-88.21
-76.68
-73.20
-76.19
-81.70
-78.72
-77.77
-84.91
-83.77
-85.53
-96.57
-82.40
-79.76
-88.26
-88.67
-79.50
-72.94
-81.95
-85.62
-90.23
-117.57
-104.33
-94.14
-86.00
-84.57
-81.12
-81.52
-80.11
-80.62
-81.33
-84.76
-89.04
-82.39
-77.81
-76.89
-75.36
-74.63
-82.06
-86.87
-80.20
-79.95
-83.02
-78.04
-77.40
-86.59
-78.13
-76.69
-83.39
-85.71
-82.85
-84.56
-85.44
-85.85
-88.65
-99.73
-78.29
-73.88
-79.64
-94.32
-76.67
-76.34
-83.86
-83.29
-77.11
-77.31
-85.88
-85.35
-78.14
-82.36
-80.15
-83.88
-86.05
-83.67
-78.15
-80.93
-75.58
-75.42
-76.32
-76.37
-70.30
-68.65
-59.81
-56.27
-47.68
-33.79
-9.32
-5.39
-13.67
-39.28
-50.54
-58.27
-61.97
-73.45
-70.07
-86.98
-68.91
-80.42
-80.03
-83.38
-78.91
-71.63
-77.27
-81.87
-86.27
-77.83
-77.63
-83.16
-80.79
-83.69
-74.35
-76.07
-75.62
-78.67
-79.61
-79.48
-79.42
-81.01
-85.27
-80.06
-79.35
-79.34
-81.35
-88.86
-84.09
-86.91
-87.28
-84.87
-85.84
-83.58
-77.31
-81.10
-86.07
-80.40
-105.34
-84.73
-80.86
-81.09
-82.44
-82.65
-85.35
-85.82
-82.43
-84.50
-93.27
-84.15
-83.13
-85.23
-83.14
-79.48
-78.87
-85.09
-83.24
-84.53
-85.49
-76.23
-70.19
-70.40
-76.14
-78.50
-83.91
-88.45
-84.25
-75.91
-69.58
-74.69
-82.95
-82.61
-92.03
-87.74
-80.13
-76.89
-88.28
-83.88
-88.61
-84.73
-85.06
-88.44
-85.71
-79.33
-85.30
-95.15
-81.58
-79.14
-82.88
-87.72
-96.34
-82.29
-88.28
-99.51
-91.19
-86.43
-89.57
-81.00
-81.02
-91.52
-88.86
-83.55
-82.42
-88.71
-89.76
-85.09
-95.62
-83.16
-83.06
-92.29
-84.63
-81.73
-88.75
-86.81
-81.76
-80.93
-84.79
-80.16
-80.92
-86.37
-89.90
-94.54
-86.63
-87.17
-80.53
-80.02
-85.39
-82.68
-80.28
-93.16
-93.23
-86.03
-87.83
-85.19
-80.45
-79.45
-82.68
-85.89
-84.38
-82.80
-79.51
-77.88
-83.05
-96.75
-79.83
-74.64
-78.47
-82.13
-82.53
-111.23
-95.43
-86.72
-82.28
-83.63
-83.64
-92.10
-76.30
-75.41
-80.98
-96.56
-83.12
-82.81
-86.26
-89.78
-81.71
-80.70
-86.21
-81.73
-80.93
-85.26
-99.45
-91.37
-75.33
-66.15
-67.89
-79.71
-80.20
-79.80
-79.92
-76.37
-77.13
-86.11
-86.47
-84.77
-89.40
-86.38
-78.54
-78.10
-84.55
-87.27
-94.50
-80.94
-78.34
-82.34
-76.88
-82.79
-89.51
-85.50
-104.42
-82.72
-79.34
-75.20
-71.96
-80.26
-94.88
-99.29
-85.03
-84.93
-92.07
-85.89
-87.08
-83.48
-82.87
-82.16
-79.42
-75.27
-74.87
-80.31
-87.62
-84.09
-82.18
-94.19
-87.74
-92.55
-82.37
-85.78
-95.62
-88.45
-81.42
-79.17
-80.69
-81.77
-77.10
-79.67
-82.25
-84.29
-83.46
-99.15
-87.39
-95.67
-82.51
-83.86
-79.56
-74.12
-77.96
-85.51
-78.03
-73.89
-79.74
-88.90
-90.33
-89.24
-91.37
-92.21
-94.60
-90.80
-94.67
-89.69
-80.42
-77.26
-79.75
-79.07
-78.04
-86.09
-83.27
-83.06
-83.25
-92.16
-82.81
-85.82
-78.74
-78.50
-78.85
-75.21
-77.36
-78.00
-77.20
-88.84
-96.11
-102.62
-93.69
-84.87
-82.04
-77.65
-76.36
-76.43
-82.61
-87.92
-81.60
-85.80
-89.90
-91.08
-94.75
-91.22
-82.97
-87.74
-93.64
-96.64
-87.67
-81.63
-78.97
-78.63
-79.00
-78.92
-84.01
-80.25
-81.94
-90.22
-86.97
-83.68
-83.00
-89.91
-85.02
-79.46
-76.24
-79.26
-91.83
-83.49
-88.63
-93.33
-83.71
-90.43
-89.55
-83.13
-81.29
-77.13
-79.90
-80.16
-80.76
-84.50
-87.36
-87.38
-82.99
-81.61
-97.85
-89.19
-81.59
-85.82
-87.41
-80.52
-77.05
-83.87
-83.98
-91.67
-85.27
-91.17
-97.25
-92.18
-86.67
-80.06
-82.71
-90.87
-89.61
-95.62
-92.80
-86.26
-79.58
-84.18
-91.07
-89.35
-91.14
-85.81
-87.70
-84.92
-85.12
-86.72
-81.40
-84.54
-82.05
-90.31
-87.75
-86.57
-82.18
-81.53
-81.26
-82.93
-83.21
-84.14
-89.44
-84.93
-89.74
-84.97
-80.06
-72.04
-71.56
-80.42
-87.87
-86.81
-87.70
-116.07
-92.65
-83.67
-78.66
-80.11
-85.97
-95.41
-95.08
-92.89
-84.80
-85.23
-85.86
-96.32
-91.43
-91.18
-87.93
-80.32
-81.94
-82.59
-83.77
-84.95
-84.21
-89.87
-77.91
-79.07
-85.68
-87.85
-84.28
-81.97
-82.39
-85.15
-96.34
-87.09
-86.02
-81.99
-86.01
-68.91
-65.55
-74.32
-89.34
-83.11
-83.19
-86.40
-83.75
-82.52
-81.25
-82.22
-81.14
-87.46
-83.84
-80.89
-79.45
-78.39
-86.00
-85.39
-86.75
-82.09
-82.87
-90.85
-80.71
-82.95
-83.92
-85.07
-83.68
-76.92
-75.92
-81.26
-80.09
-82.50
-78.60
-88.31
-83.41
-88.19
-84.02
-80.38
-78.94
-81.51
-87.59
-93.75
-86.62
-84.55
-93.30
-85.29
-84.16
-80.46
-80.83
-82.13
-82.69
-80.49
-81.46
-80.32
-86.04
-85.74
-98.17
-84.45
-90.54
-86.85
-84.56
-86.54
-81.22
-79.82
-86.30
-102.31
-89.09
-87.12
-85.58
-82.27
-83.48
-86.79
-81.29
-92.68
-83.30
-82.85
-74.51
-72.97
-82.77
-93.06
-86.43
-79.95
-82.86
-84.67
-78.38
-84.31
-88.52
-82.49
-84.19
-92.08
-86.21
-92.91
-99.69
-83.95
-80.73
-87.69
-81.59
-82.66
-77.24
-79.51
-91.88
-90.25
-84.91
-83.58
-90.03
-88.50
-81.72
-78.52
-81.01
-88.44
-82.34
-101.50
-76.43
-78.06
-83.75
-88.71
-94.33
-90.73
-86.33
-79.83
-80.25
-86.16
-83.53
-85.01
-84.18
-81.77
-79.52
-77.51
-78.45
-87.34
-83.31
-82.35
-82.72
-75.40
-76.85
-85.82
-90.95
-86.10
-83.00
-80.15
-79.28
-92.88
-81.65
-82.50
-90.91
-82.48
-89.79
-87.06
-85.86
-84.56
-75.36
-73.37
-77.49
-77.77
-69.55
-73.31
-79.81
-86.35
-84.91
-82.46
-87.84
-90.86
-92.02
-91.28
-87.39
-81.47
-88.35
-79.43
-75.47
-77.99
-79.91
-89.12
-88.74
-84.26
-89.03
-80.29
-81.35
-91.27
-82.79
-79.20
-84.34
-76.46
-64.67
-68.56
-90.30
-80.17
-78.73
-89.50
-102.56
-85.49
-90.59
-88.19
-79.03
-75.52
-77.01
-84.46
-89.46
-92.30
-80.50
-78.81
-95.95
-106.40
-86.95
-83.25
-91.29
-85.96
-91.81
-94.70
-81.44
-76.25
-77.29
-77.23
-84.59
-85.99
-87.15
-92.49
-92.17
-93.43
-90.11
-90.57
-89.41
-92.83
-94.80
-83.32
-77.79
-84.85
-94.53
-94.76
-88.38
-84.32
-94.67
-95.16
-85.42
-92.65
-97.01
-84.52
-86.75
-87.45
-81.04
-75.18
-75.54
-82.61
-80.25
-83.56
-90.27
-83.60
-90.59
-93.23
-89.84
-90.02
-86.33
-79.75
-76.00
-77.98
-82.44
-81.60
-79.27
-78.92
-80.62
-86.04
-86.79
-90.75
-87.64
-90.91
-91.25
-87.15
-82.96
-82.85
-79.08
-84.27
-88.42
-87.35
-82.86
-85.20
-84.48
-81.25
-82.16
-84.07
-88.09
-85.02
-80.17
-85.89
-89.45
-90.61
-83.31
-80.57
-78.38
-88.89
-95.28
-90.92
-84.26
-79.23
-87.14
-79.69
-77.59
-85.27
-94.32
-82.20
-79.53
-82.50
-88.40
-89.90
-87.47
-94.92
-84.03
-88.20
-93.72
-75.45
-67.56
-69.42
-81.14
-95.23
-86.27
-84.59
-84.62
-80.79
-81.39
-95.99
-86.87
-87.76
-82.91
-79.27
-78.16
-84.04
-93.30
-91.19
-84.39
-85.04
-81.28
-83.43
-89.76
-96.97
-84.86
-75.43
-78.63
-96.55
-82.19
-79.84
-94.12
-82.01
-91.82
-95.41
-82.37
-82.37
-87.19
-91.41
-84.14
-87.83
-82.65
-76.31
-71.68
-73.18
-79.03
-88.36
-86.07
-88.39
-88.55
-84.77
-85.57
-88.20
-81.50
-77.40
-87.84
-86.74
-82.74
-82.50
-82.66
-84.53
-98.46
-90.00
-82.26
-79.82
-86.54
-85.05
-80.42
-87.41
-90.70
-85.79
-78.43
-83.79
-86.37
-87.91
-85.41
-81.04
-92.48
-80.72
-81.32
-92.75
-89.27
-84.90
-81.71
-75.68
-74.85
-85.55
-84.76
-84.29
-89.21
-81.78
-85.78
-92.32
-93.00
-89.60
-84.27
-88.21
-86.47
-77.80
-75.11
-73.21
-74.31
-82.23
-79.37
-79.01
-82.82
-93.12
-88.39
-85.79
-86.96
-92.61
-81.39
-82.42
-97.04
-96.47
-83.27
-84.40
-94.48
-87.95
-85.45
-95.75
-87.93
-85.46
-89.92
-80.08
-76.19
-74.83
-63.76
-63.80
-74.29
-85.34
-85.14
-86.76
-99.07
-85.49
-116.66
-78.32
-76.12
-81.82
-90.54
-89.35
-91.43
-78.13
-77.56
-92.08
-78.48
-82.40
-82.67
-79.47
-75.33
-78.53
-91.41
-90.73
-95.71
-85.97
-78.87
-77.30
-81.77
-85.02
-87.41
-89.63
-86.97
-86.15
-82.62
-88.58
-86.03
-89.00
-92.09
-98.19
-83.30
-80.99
-87.64
-84.32
-81.67
-89.92
-83.64
-84.53
-79.40
-83.90
-93.00
-87.21
-92.76
-85.29
-96.35
-81.53
-82.21
-86.04
-87.53
-94.76
-89.12
-98.35
-96.75
-92.09
-82.30
-79.62
-81.07
-92.18
-86.27
-82.40
-78.32
-81.42
-81.61
-83.27
-86.66
-88.96
-88.93
-83.82
-94.31
-82.74
-80.49
-83.58
-80.76
-79.64
-85.68
-88.88
-95.18
-82.25
-79.89
-79.46
-83.29
-88.06
-85.64
-80.04
-75.98
-82.56
-75.11
-72.38
-77.80
-100.83
-83.94
-86.71
-92.04
-107.18
-90.78
-89.91
-86.32
-86.05
-90.63
-89.30
-78.98
-71.48
-78.58
-84.67
-89.84
-85.24
-82.53
-89.14
-97.02
-86.76
-85.56
-82.01
-86.83
-89.18
-77.90
-77.19
-81.71
-81.53
-90.63
-89.80
-89.42
-90.77
-81.45
-81.83
-82.77
-91.87
-90.17
-84.27
-85.18
-83.93
-88.56
-83.93
-82.97
-96.26
-82.52
-85.55
-102.20
-95.37
-88.47
-87.31
-81.17
-92.14
-74.22
-73.30
-88.22
-87.80
-94.42
-85.24
-85.63
-86.33
-87.95
-102.73
-95.61
-91.34
-83.31
-79.17
-80.11
-84.23
-85.31
-101.49
-83.20
-84.05
-83.16
-79.57
-79.08
-84.67
-89.95
-85.75
-85.84
-78.57
-78.87
-81.89
-95.18
-83.38
-79.97
-84.25
-86.72
-90.61
-89.05
-82.61
-84.88
-92.24
-87.27
-86.22
-81.90
-80.53
-85.14
-82.77
-86.88
-86.05
-92.16
-94.44
-90.92
-98.55
-90.07
-85.02
-83.07
-79.72
-79.58
-90.23
-99.64
-84.27
-83.49
-90.75
-92.70
-84.54
-82.65
-84.70
-88.63
-86.32
-80.28
-78.90
-78.64
-75.45
-80.78
-84.86
-83.73
-86.49
-89.03
-83.00
-74.80
-78.56
-89.71
-98.88
-83.49
-82.20
-80.91
-74.94
-76.45
-91.48
-80.22
-79.24
-88.64
-90.68
-85.80
-88.70
-85.48
-83.85
-87.99
-86.65
-75.06
-73.18
-85.47
-91.75
-92.14
-87.07
-85.83
-84.56
-85.35
-84.51
-81.42
-83.93
-82.22
-81.75
-86.14
-95.49
-80.54
-77.91
-85.16
-88.31
-82.82
-87.55
-88.53
-94.46
-91.13
-94.95
-98.83
-95.30
-82.66
-79.63
-83.80
-84.10
-88.93
-95.95
-86.05
-95.67
-83.99
-84.66
-87.59
-94.61
-93.29
-86.98
-79.68
-76.92
-77.74
-81.32
-83.55
-80.89
-82.66
-101.75
-88.98
-90.03
-100.53
-90.45
-99.21
-87.46
-80.39
-75.89
-81.53
-91.18
-91.48
-85.62
-82.36
-81.58
-86.53
-103.13
-90.64
-89.56
-92.26
-85.49
-89.13
-85.86
-86.20
-86.78
-90.35
-90.97
-87.92
-86.42
-83.99
-94.66
-82.03
-84.28
-102.88
-93.18
-88.67
-86.55
-102.79
-84.01
-81.89
-94.66
-99.93
-85.93
-88.59
-88.89
-87.76
-97.32
-90.73
-85.76
-85.19
-95.20
-79.71
-78.55
-82.94
-85.76
-82.16
-83.07
-82.72
-79.35
-79.43
-83.78
-94.00
-102.66
-84.07
-72.58
-70.93
-80.88
-86.37
-80.53
-80.85
-86.18
-85.90
-82.37
-86.66
-93.15
-88.71
-84.44
-84.48
-99.18
-83.44
-85.08
-85.80
-87.31
-89.64
-83.55
-94.35
-87.93
-87.91
-90.89
-93.49
-80.38
-76.70
-76.60
-78.39
-90.46
-100.91
-86.86
-83.62
-95.20
-102.50
-103.51
-88.61
-84.44
-102.31
-82.34
-83.54
-86.07
-84.26
-88.27
-84.14
-86.52
-82.96
-84.97
-86.15
-93.31
-94.66
-80.91
-81.00
-88.84
-86.65
-82.60
-78.10
-82.66
-94.01
-99.78
-95.07
-86.39
-81.55
-88.33
-82.71
-89.75
-78.56
-81.94
-87.35
-87.51
-93.24
-85.92
-94.02
-85.93
-83.13
-85.25
-94.54
-93.70
-97.52
-84.42
-79.57
-80.07
-78.44
-76.61
-76.88
-78.90
-85.12
-93.29
-93.71
-89.92
-93.96
-89.55
-82.77
-84.03
-82.12
-83.09
-83.17
-70.66
-71.59
-81.96
-86.56
-105.02
-90.52
-84.12
-82.90
-86.38
-86.18
-89.65
-92.54
-84.64
-83.14
-81.31
-82.95
-81.69
-82.92
-85.08
-83.08
-87.16
-80.83
-77.66
-78.97
-80.08
-71.62
-75.85
-87.80
-86.82
-89.16
-81.04
-79.19
-80.95
-89.70
-100.86
-94.07
-84.97
-79.09
-81.40
-84.77
-82.54
-83.72
-95.15
-81.21
-81.16
-89.33
-86.18
-79.73
-80.23
-83.22
-101.63
-83.98
-81.76
-83.38
-86.98
-85.02
-86.06
-80.56
-77.61
-76.70
-79.67
-93.11
-85.51
-89.20
-88.74
-86.98
-88.76
-79.63
-74.47
-75.03
-76.77
-81.12
-86.42
-87.62
-84.82
-84.89
-84.38
-83.98
-81.85
-87.12
-84.01
-80.97
-82.63
-79.23
-73.80
-71.41
-75.49
-99.02
-80.68
-83.51
-116.43
-90.19
-87.45
-86.89
-83.23
-84.36
-88.72
-94.36
-100.44
-92.18
-85.31
-86.93
-93.59
-106.92
-88.18
-86.01
-87.25
-77.59
-77.68
-80.77
-82.68
-84.20
-101.15
-89.17
-96.65
-94.76
-82.75
-82.73
-84.90
-80.68
-93.51
-87.61
-92.54
-89.26
-89.56
-87.55
-77.40
-79.02
-81.00
-81.98
-83.86
-82.03
-103.00
-82.02
-82.81
-91.04
-86.60
-88.21
-83.87
-90.34
-84.25
-86.28
-84.25
-92.43
-85.20
-88.15
-90.35
-89.22
-92.78
-85.03
-83.26
-90.97
-85.71
-84.36
-78.87
-72.34
-77.65
-84.04
-83.45
-86.36
-81.65
-79.72
-87.29
-91.22
-90.62
-85.44
-79.23
-78.27
-84.89
-83.78
-85.32
-88.45
-82.74
-83.87
-85.99
-93.23
-84.68
-81.74
-84.62
-88.60
-86.27
-83.88
-75.91
-81.11
-88.24
-82.11
-88.80
-80.51
-86.72
-89.02
-84.51
-84.37
-87.33
-91.98
-86.02
-78.73
-77.47
-77.81
-84.28
-84.02
-82.54
-88.77
-83.94
-93.13
-84.85
-85.34
-84.30
-82.75
-81.40
-88.90
-87.31
-79.33
-76.85
-90.16
-85.64
-86.48
-82.81
-86.68
-91.36
-83.88
-81.09
-89.70
-84.18
-82.99
-83.09
-77.61
-78.34
-84.72
-88.67
-82.25
-79.75
-81.81
-84.66
-90.23
-86.36
-83.34
-80.84
-76.33
-78.20
-82.03
-78.73
-87.88
-89.18
-88.36
-88.38
-86.17
-81.25
-82.48
-82.96
-82.66
-86.10
-85.43
-80.75
-79.22
-81.99
-88.45
-87.72
-81.29
-95.78
-84.10
-84.04
-83.35
-82.24
-98.24
-81.80
-81.61
-94.02
-80.68
-80.14
-88.14
-85.16
-91.31
-85.90
-87.87
-83.20
-84.39
-95.44
-81.14
-79.54
-88.43
-80.85
