-31.74
-34.74
-108.52
-92.38
-93.77
-83.28
-86.53
-88.81
-79.73
-76.98
-87.85
-90.05
-96.73
-90.40
-89.67
-92.83
-88.34
-83.84
-86.22
-100.03
-89.22
-82.95
-88.38
-92.19
-88.49
-87.51
-87.49
-94.34
-81.45
-82.54
-88.06
-94.21
-81.22
-77.06
-78.65
-81.21
-85.52
-87.91
-84.98
-89.92
-91.32
-80.61
-75.85
-84.44
-87.56
-84.19
-85.54
-81.71
-81.40
-88.84
-96.60
-81.93
-78.63
-81.20
-86.22
-76.93
-73.87
-76.57
-85.21
-96.41
-88.64
-86.90
-84.74
-87.14
-85.97
-83.59
-80.57
-81.28
-83.17
-81.12
-84.00
-85.48
-94.74
-82.85
-88.53
-81.70
-77.16
-76.81
-83.69
-91.02
-86.44
-85.35
-80.30
-77.93
-74.70
-74.25
-81.48
-82.90
-80.02
-83.93
-79.80
-87.39
-80.15
-77.28
-85.00
-83.53
-76.97
-75.15
-73.69
-74.05
-81.07
-79.15
-79.01
-78.17
-86.87
-92.15
-93.04
-90.91
-83.34
-89.51
-99.46
-88.43
-94.49
-83.77
-85.25
-80.07
-83.99
-88.11
-83.04
-86.44
-83.95
-83.70
-82.76
-83.61
-85.23
-79.51
-73.18
-79.68
-83.61
-90.82
-85.79
-82.19
-81.53
-79.25
-86.63
-88.65
-88.28
-81.96
-87.40
-81.03
-77.57
-87.26
-87.22
-87.90
-85.11
-82.29
-78.64
-83.25
-88.06
-91.60
-80.09
-80.68
-78.90
-77.29
-76.84
-80.62
-82.28
-97.64
-83.55
-85.85
-87.40
-88.71
-86.90
-87.00
-82.32
-85.78
-87.40
-90.90
-92.96
-84.48
-82.39
-88.93
-102.04
-90.27
-82.92
-82.51
-90.83
-82.07
-87.40
-78.15
-82.90
-84.21
-76.66
-74.81
-78.94
-82.51
-86.04
-84.70
-81.87
-82.43
-85.15
-84.65
-77.53
-81.99
-89.13
-80.49
-83.86
-81.29
-80.13
-96.24
-83.41
-82.18
-92.96
-90.40
-82.76
-80.54
-81.36
-81.39
-84.95
-83.65
-86.85
-82.38
-86.49
-92.96
-96.54
-85.13
-79.48
-87.70
-84.01
-80.90
-87.59
-91.65
-101.27
-83.02
-77.88
-80.22
-93.03
-82.42
-82.07
-87.51
-84.80
-81.01
-85.46
-96.69
-89.07
-83.81
-85.60
-87.56
-83.83
-85.16
-88.58
-89.07
-82.74
-79.82
-83.35
-95.44
-83.60
-81.55
-80.65
-90.48
-88.53
-84.26
-73.20
-73.63
-83.72
-80.34
-95.46
-81.75
-80.91
-90.48
-89.63
-83.37
-80.64
-81.42
-88.32
-86.77
-82.62
-76.61
-84.74
-87.75
-94.52
-84.35
-94.03
-103.25
-84.29
-84.49
-83.32
-81.19
-84.43
-88.51
-71.31
-71.86
-84.69
-82.43
-102.56
-88.99
-83.32
-78.21
-76.22
-79.81
-82.78
-77.99
-77.48
-81.31
-85.88
-87.26
-84.08
-88.14
-83.69
-77.62
-76.76
-78.22
-81.88
-85.48
-84.53
-89.95
-94.09
-85.13
-92.18
-92.51
-82.62
-86.34
-85.14
-83.19
-78.72
-78.00
-86.05
-87.42
-84.11
-84.70
-82.51
-80.45
-84.07
-84.62
-80.09
-84.63
-88.09
-88.63
-88.67
-84.42
-79.57
-81.68
-97.93
-80.04
-77.38
-79.13
-83.07
-79.55
-79.99
-85.36
-85.35
-89.20
-92.06
-83.95
-87.87
-85.04
-83.25
-90.18
-78.50
-76.48
-80.57
-87.25
-92.92
-90.69
-92.46
-89.95
-90.09
-89.76
-95.72
-84.29
-79.04
-79.39
-81.13
-85.40
-81.01
-76.15
-86.28
-84.52
-85.60
-85.91
-96.18
-83.45
-81.27
-83.04
-96.39
-81.60
-76.24
-75.93
-76.56
-81.31
-93.89
-90.41
-96.88
-86.88
-84.01
-80.61
-79.58
-101.45
-80.10
-81.05
-81.38
-80.54
-75.66
-75.59
-79.42
-79.06
-83.72
-85.16
-90.03
-92.67
-80.22
-80.14
-87.07
-81.04
-86.09
-73.58
-71.43
-73.08
-74.67
-82.25
-79.18
-76.69
-77.19
-78.22
-84.73
-79.81
-76.26
-77.18
-73.17
-76.65
-79.56
-78.90
-80.84
-82.06
-77.72
-85.62
-72.13
-91.02
-66.27
-70.02
-61.68
-55.18
-47.23
-33.93
-9.32
-5.39
-13.67
-39.33
-50.84
-56.30
-64.63
-70.18
-67.96
-76.07
-74.55
-77.53
-73.36
-89.09
-84.41
-76.45
-70.86
-77.87
-77.50
-84.71
-87.76
-81.47
-76.54
-78.49
-85.07
-79.14
-81.44
-83.58
-83.88
-75.47
-76.95
-95.85
-79.80
-92.48
-83.19
-76.90
-84.27
-87.83
-82.38
-88.94
-80.92
-84.92
-93.99
-82.10
-78.00
-92.56
-87.95
-98.45
-84.44
-95.08
-85.35
-89.59
-82.98
-78.19
-81.85
-88.78
-87.65
-76.80
-74.99
-79.66
-84.71
-83.55
-79.75
-78.74
-80.08
-83.25
-88.50
-93.89
-81.33
-76.87
-71.99
-72.05
-81.09
-79.25
-83.51
-83.45
-85.04
-71.64
-67.98
-75.65
-87.04
-84.55
-98.90
-87.29
-82.25
-93.77
-79.32
-79.22
-83.78
-89.33
-92.42
-88.85
-86.34
-86.72
-102.47
-83.87
-86.12
-91.30
-89.84
-90.45
-84.16
-84.00
-84.59
-82.88
-86.98
-91.45
-81.30
-81.02
-79.76
-82.62
-83.22
-77.16
-79.62
-77.89
-79.26
-81.88
-83.50
-84.17
-85.64
-77.48
-76.02
-80.25
-88.86
-88.34
-82.58
-83.99
-80.17
-80.91
-78.87
-82.27
-91.03
-84.43
-83.57
-79.37
-85.20
-79.50
-78.16
-77.61
-77.91
-80.32
-79.21
-79.18
-81.20
-89.53
-83.28
-82.67
-85.46
-84.87
-83.06
-88.33
-91.90
-82.41
-86.34
-83.32
-80.00
-90.75
-86.21
-87.44
-83.21
-79.49
-86.78
-84.07
-85.90
-90.02
-84.43
-80.55
-88.45
-89.25
-114.72
-91.31
-93.84
-84.42
-80.12
-80.96
-85.61
-95.05
-82.48
-82.75
-82.85
-91.67
-88.71
-85.12
-80.63
-66.76
-68.79
-83.90
-81.30
-81.41
-91.19
-82.50
-80.38
-95.24
-88.29
-84.35
-82.45
-88.38
-103.31
-79.67
-77.36
-84.29
-93.55
-95.20
-93.16
-92.82
-82.91
-80.80
-83.14
-85.24
-84.60
-104.83
-77.18
-69.84
-71.27
-78.84
-90.90
-85.62
-83.59
-87.80
-89.25
-88.97
-90.03
-98.84
-87.58
-84.39
-88.56
-82.73
-84.62
-94.60
-92.10
-84.69
-81.59
-98.99
-78.77
-77.83
-81.88
-85.82
-80.02
-83.17
-79.24
-78.08
-78.60
-80.99
-79.38
-78.74
-81.64
-82.96
-78.84
-80.95
-85.15
-86.80
-81.09
-84.00
-83.11
-74.86
-75.53
-82.50
-86.15
-82.11
-82.30
-77.79
-76.32
-77.01
-80.54
-105.39
-89.21
-101.11
-88.27
-89.81
-94.50
-80.48
-82.47
-96.67
-91.13
-80.51
-77.98
-82.43
-86.65
-85.94
-84.48
-92.43
-83.14
-77.41
-79.36
-84.30
-83.44
-87.73
-85.39
-91.83
-83.25
-80.14
-87.11
-98.42
-102.25
-86.90
-78.31
-79.03
-83.06
-86.12
-82.09
-80.73
-78.94
-89.72
-87.54
-106.14
-83.77
-84.54
-88.34
-91.70
-86.65
-74.06
-72.71
-79.79
-79.17
-85.29
-84.71
-81.94
-88.53
-85.26
-79.93
-88.65
-87.96
-78.52
-75.91
-74.94
-78.32
-88.88
-85.10
-87.36
-86.09
-97.64
-84.66
-95.19
-84.40
-82.91
-75.10
-77.69
-94.44
-82.51
-80.45
-106.04
-91.45
-84.00
-88.87
-94.04
-86.13
-82.24
-82.38
-85.59
-98.08
-90.02
-87.30
-80.05
-77.59
-78.38
-79.48
-78.46
-77.31
-81.30
-86.68
-98.09
-85.94
-84.42
-88.45
-91.45
-81.75
-80.23
-83.64
-86.85
-89.20
-90.07
-84.92
-89.77
-88.33
-84.40
-80.16
-80.19
-83.77
-84.34
-84.25
-77.09
-78.14
-88.34
-83.84
-86.65
-94.05
-91.73
-91.77
-89.61
-85.78
-84.10
-81.39
-79.69
-75.01
-71.76
-73.24
-83.71
-88.31
-78.47
-76.87
-90.75
-81.24
-79.43
-80.97
-86.81
-77.41
-75.87
-78.19
-78.42
-82.85
-90.19
-86.87
-77.60
-81.52
-85.02
-83.82
-82.92
-88.03
-84.07
-78.21
-84.85
-83.94
-86.66
-82.04
-85.83
-90.18
-87.98
-87.90
-84.60
-82.42
-82.01
-84.55
-82.89
-92.02
-78.22
-81.86
-66.86
-64.67
-74.47
-86.46
-81.41
-82.19
-91.30
-85.00
-80.50
-90.77
-83.62
-86.53
-88.43
-90.90
-98.15
-80.17
-76.07
-79.04
-85.05
-84.72
-84.48
-86.75
-87.53
-91.21
-86.82
-92.85
-79.76
-81.90
-78.77
-75.06
-92.68
-80.26
-81.46
-82.26
-81.05
-78.19
-82.41
-87.95
-83.24
-79.15
-80.71
-92.03
-98.08
-82.07
-78.17
-94.41
-78.54
-79.38
-80.00
-82.16
-82.47
-86.25
-89.42
-84.34
-84.95
-80.61
-81.19
-90.90
-89.25
-92.08
-90.04
-91.66
-95.29
-88.72
-96.88
-92.59
-81.57
-82.64
-91.40
-94.48
-98.05
-85.71
-85.28
-79.02
-81.20
-90.42
-88.43
-78.44
-70.60
-76.44
-83.45
-82.94
-95.08
-95.19
-86.20
-78.14
-81.70
-86.69
-87.86
-89.51
-86.82
-85.37
-84.71
-81.91
-81.62
-91.08
-91.75
-79.60
-74.24
-76.25
-83.65
-85.17
-80.66
-95.30
-100.12
-88.57
-86.20
-98.98
-96.97
-94.30
-85.43
-88.72
-94.29
-85.99
-89.12
-87.46
-87.39
-86.43
-89.88
-86.71
-89.92
-78.81
-79.76
-83.82
-80.13
-83.82
-85.80
-87.17
-80.12
-86.06
-94.82
-85.25
-83.00
-82.67
-82.89
-82.42
-82.47
-80.85
-80.81
-82.56
-79.82
-81.20
-83.00
-95.68
-85.82
-83.59
-89.25
-83.74
-86.65
-83.75
-79.11
-80.92
-80.29
-87.63
-79.15
-74.36
-78.11
-83.39
-77.63
-81.97
-84.85
-84.14
-82.00
-84.67
-82.22
-80.37
-81.09
-80.46
-75.83
-77.98
-81.34
-88.57
-82.85
-85.68
-89.91
-86.05
-88.89
-81.65
-81.43
-88.51
-90.62
-86.29
-70.88
-63.26
-68.33
-91.42
-90.19
-89.16
-86.28
-91.67
-91.98
-89.00
-85.68
-84.19
-87.16
-84.32
-81.88
-81.95
-82.08
-79.82
-78.78
-89.85
-81.09
-82.41
-85.01
-83.80
-99.15
-80.32
-81.48
-83.47
-88.00
-82.76
-80.26
-77.46
-86.78
-83.77
-86.69
-81.46
-90.71
-111.56
-88.80
-88.63
-93.51
-89.38
-83.46
-85.58
-85.76
-82.02
-84.33
-83.50
-85.91
-107.77
-88.82
-94.83
-93.11
-89.82
-84.30
-90.29
-83.01
-77.27
-80.73
-88.10
-82.43
-83.63
-84.65
-84.05
-86.80
-89.15
-81.04
-97.46
-79.64
-87.86
-77.72
-75.03
-86.47
-83.50
-92.56
-79.96
-80.38
-90.22
-90.00
-87.56
-86.65
-84.96
-98.19
-88.12
-82.76
-85.59
-86.25
-84.99
-84.23
-86.32
-92.04
-88.60
-104.38
-81.12
-80.74
-86.18
-81.58
-81.67
-84.90
-80.96
-84.54
-90.11
-86.03
-84.64
-81.80
-83.03
-88.66
-79.89
-82.75
-92.99
-82.48
-79.59
-81.35
-80.33
-79.63
-83.32
-81.99
-82.76
-88.34
-92.16
-82.63
-79.25
-87.23
-83.91
-79.93
-89.48
-78.97
-68.25
-70.38
-91.11
-105.20
-85.90
-86.91
-85.85
-87.71
-85.78
-95.40
-85.24
-84.29
-88.59
-84.37
-80.54
-91.14
-83.02
-82.98
-81.35
-82.82
-80.79
-81.55
-84.84
-80.79
-83.69
-74.67
-79.25
-79.48
-78.27
-79.87
-83.93
-84.99
-78.26
-79.81
-88.71
-94.76
-89.78
-88.86
-110.41
-83.90
-87.80
-80.59
-74.68
-73.59
-74.01
-80.65
-80.10
-79.81
-83.72
-81.00
-81.19
-86.88
-84.09
-80.27
-85.23
-95.42
-81.38
-76.25
-79.29
-87.07
-95.75
-99.06
-97.14
-91.42
-95.03
-91.19
-88.71
-84.69
-82.45
-89.09
-86.86
-82.79
-87.86
-86.74
-86.52
-111.21
-97.91
-92.05
-92.15
-84.18
-77.26
-78.78
-78.49
-80.24
-72.83
-75.13
-79.27
-92.29
-88.96
-86.02
-89.88
-87.56
-81.93
-85.26
-91.26
-87.53
-96.66
-94.07
-76.49
-72.54
-77.04
-79.57
-74.74
-76.71
-87.48
-95.45
-94.45
-85.07
-84.01
-77.91
-79.09
-86.60
-80.26
-106.73
-88.21
-86.12
-81.38
-83.76
-84.08
-82.19
-84.83
-89.11
-88.44
-87.52
-88.27
-75.29
-63.93
-64.99
-87.07
-95.90
-84.30
-84.33
-81.06
-81.28
-87.99
-88.13
-86.51
-80.17
-78.84
-82.77
-85.65
-82.96
-78.01
-77.19
-80.09
-82.57
-82.07
-93.07
-93.18
-88.78
-87.63
-83.65
-78.89
-77.91
-78.78
-76.82
-78.12
-81.78
-82.44
-84.22
-83.87
-88.54
-85.53
-85.34
-93.74
-86.06
-81.67
-80.14
-76.22
-75.60
-91.01
-87.25
-93.58
-83.06
-82.31
-84.70
-88.64
-86.45
-84.12
-87.68
-90.84
-80.38
-74.69
-76.37
-82.48
-77.77
-82.84
-97.00
-87.84
-83.54
-88.17
-92.23
-86.73
-86.76
-85.56
-84.86
-77.60
-74.72
-79.17
-81.09
-81.99
-86.25
-95.36
-80.80
-81.03
-90.24
-84.84
-83.75
-83.12
-79.87
-88.72
-80.43
-80.14
-85.14
-95.66
-88.59
-94.35
-94.43
-85.47
-85.65
-94.37
-82.70
-79.84
-90.71
-77.32
-78.25
-84.30
-91.49
-83.58
-88.24
-87.39
-86.18
-88.54
-85.21
-78.89
-81.17
-98.15
-105.60
-76.94
-70.54
-73.60
-80.56
-81.98
-88.11
-87.76
-95.65
-88.81
-86.55
-101.81
-85.20
-86.20
-96.47
-79.98
-75.73
-82.26
-87.57
-85.85
-83.90
-83.68
-81.36
-82.61
-82.39
-88.90
-95.38
-86.05
-80.14
-84.28
-91.02
-90.81
-90.06
-92.51
-92.82
-91.30
-87.17
-98.61
-93.61
-95.02
-88.04
-86.53
-80.24
-70.35
-67.72
-73.31
-79.44
-82.45
-83.92
-83.67
-80.17
-88.43
-87.16
-82.26
-76.76
-80.86
-95.61
-80.30
-76.70
-77.51
-91.21
-88.57
-85.44
-84.55
-92.59
-90.16
-92.24
-85.85
-86.39
-86.29
-88.90
-84.44
-83.10
-91.78
-99.08
-83.55
-87.33
-80.40
-79.75
-84.80
-84.83
-86.34
-89.48
-87.32
-91.73
-87.98
-83.97
-83.19
-85.93
-91.85
-91.17
-88.64
-85.10
-87.38
-87.17
-86.73
-90.28
-97.25
-81.62
-78.28
-82.81
-94.49
-86.26
-84.30
-83.78
-91.41
-87.91
-85.71
-81.72
-83.80
-88.63
-82.23
-82.86
-78.38
-79.37
-81.92
-79.61
-96.10
-86.74
-96.80
-79.11
-74.73
-81.26
-87.17
-85.33
-83.10
-94.91
-87.62
-80.04
-80.08
-96.41
-84.75
-84.22
-81.87
-92.45
-82.88
-80.61
-83.80
-91.41
-84.15
-94.77
-76.37
-71.90
-80.93
-81.78
-86.38
-102.33
-80.73
-81.69
-86.13
-80.20
-86.22
-79.83
-84.69
-84.01
-75.75
-78.54
-88.20
-84.27
-78.37
-79.48
-90.53
-86.75
-89.78
-92.81
-99.07
-97.02
-96.08
-90.73
-91.04
-80.85
-88.12
-92.11
-92.71
-93.78
-90.88
-102.16
-94.67
-86.69
-85.59
-84.48
-80.14
-80.90
-85.45
-78.32
-79.14
-84.47
-87.46
-86.25
-90.32
-86.14
-83.71
-89.37
-95.74
-82.93
-81.65
-85.12
-80.72
-76.78
-78.61
-79.50
-83.48
-81.16
-79.90
-83.48
-88.91
-94.05
-94.46
-85.39
-81.95
-79.71
-82.49
-82.40
-77.65
-90.94
-88.33
-90.52
-78.79
-81.24
-97.47
-98.51
-92.19
-91.12
-84.29
-80.48
-80.03
-78.92
-81.62
-81.75
-84.25
-95.58
-94.58
-88.49
-85.47
-92.31
-82.13
-82.67
-79.00
-77.88
-93.46
-75.35
-77.96
-87.87
-90.62
-100.08
-88.80
-86.93
-86.56
-80.16
-80.66
-79.75
-82.57
-97.72
-86.23
-71.80
-73.69
-88.97
-89.87
-83.02
-83.70
-94.11
-89.86
-94.71
-86.26
-84.46
-86.96
-88.06
-88.32
-85.73
-83.74
-81.06
-89.78
-82.69
-84.10
-89.71
-96.95
-87.81
-84.61
-92.70
-82.14
-80.59
-97.50
-83.79
-87.11
-89.99
-88.92
-88.60
-90.01
-94.73
-84.45
-87.10
-84.35
-80.63
-80.13
-81.75
-87.62
-88.87
-87.20
-84.95
-88.64
-88.48
-84.74
-87.65
-97.12
-85.10
-83.77
-85.91
-80.04
-85.01
-93.98
-82.37
-83.64
-89.37
-94.16
-85.14
-83.29
-83.51
-83.96
-93.02
-94.62
-87.48
-92.30
-82.48
-78.34
-78.81
-87.40
-86.09
-85.34
-91.77
-89.23
-82.23
-80.69
-87.29
-94.43
-89.75
-82.66
-86.08
-95.66
-86.62
-84.35
-89.46
-88.49
-80.84
-84.78
-96.01
-88.80
-84.54
-82.11
-81.68
-85.43
-92.94
-77.48
-66.66
-67.56
-81.57
-79.57
-83.78
-84.74
-78.35
-78.27
-80.41
-80.36
-82.67
-77.47
-89.58
-79.98
-82.68
-90.68
-90.45
-85.76
-94.11
-88.52
-87.09
-83.76
-85.77
-88.87
-80.00
-72.15
-77.46
-84.29
-84.70
-78.51
-78.48
-83.76
-81.01
-89.04
-93.38
-97.58
-88.03
-92.29
-96.89
-92.40
-91.12
-87.45
-85.29
-88.05
-86.33
-85.54
-89.80
-87.45
-83.17
-83.43
-95.50
-82.25
-81.63
-87.32
-91.08
-88.49
-89.56
-100.88
-87.57
-84.27
-93.91
-84.20
-80.39
-81.05
-81.41
-89.07
-84.14
-81.14
-88.39
-85.43
-80.83
-82.19
-91.68
-90.48
-82.88
-80.89
-83.96
-91.74
-84.80
-83.16
-84.06
-79.88
-80.59
-81.69
-72.73
-70.07
-78.43
-83.62
-84.81
-80.17
-79.58
-85.31
-86.03
-84.22
-79.11
-77.54
-77.64
-79.28
-81.37
-79.49
-82.31
-93.57
-80.92
-80.91
-82.13
-81.96
-86.06
-89.02
-89.94
-90.80
-95.79
-92.88
-86.75
-84.68
-87.63
-86.06
-86.76
-83.76
-87.00
-80.37
-82.20
-79.14
-81.14
-94.18
-92.54
-86.17
-73.25
-71.44
-80.03
-92.81
-91.35
-91.22
-93.39
-90.57
-83.50
-84.29
-86.77
-85.73
-88.26
-80.20
-77.39
-81.57
-83.09
-81.58
-88.77
-89.42
-90.52
-80.52
-100.10
-86.21
-88.34
-81.97
-78.97
-81.83
-83.19
-75.47
-83.16
-82.13
-76.59
-78.99
-81.81
-88.83
-84.03
-79.06
-82.17
-83.87
-78.28
-77.30
-80.09
-77.30
-76.26
-79.90
-79.52
-80.33
-87.72
-88.86
-88.99
-90.84
-88.53
-86.82
-80.52
-94.52
-79.18
-81.87
-82.56
-90.83
-92.68
-88.53
-86.00
-88.46
-89.20
-97.55
-90.35
-85.35
-81.94
-80.66
-85.18
-92.94
-81.32
-87.71
-79.83
-92.32
-87.09
-86.52
-90.79
-84.72
-84.99
-84.46
-87.23
-83.16
-90.42
-77.82
-84.41
-85.58
-85.52
-91.50
-81.30
-84.13
-81.61
-86.60
-95.07
-91.62
-91.02
-93.06
-78.85
-84.56
-82.05
-82.57
-85.70
-89.63
-84.45
-85.27
-85.75
-89.57
-102.90
-86.93
-85.53
-95.57
-80.48
-75.13
-80.03
-82.65
-82.97
-85.53
-93.01
-83.86
-85.34
-91.18
-85.08
-85.51
-88.27
-87.87
-79.87
-77.61
-82.29
-88.25
-91.03
-83.73
-92.37
-115.51
-93.96
-86.46
-82.17
-82.86
-81.34
-82.23
-95.33
-79.32
-80.95
-92.83
-86.62
-86.16
-81.24
-86.16
-86.39
-81.97
-84.39
-87.24
-82.44
-86.09
-100.08
